[gd_scene load_steps=22 format=3 uid="uid://cm55hroicd0n0"]

[ext_resource type="Environment" uid="uid://baxyw3s8ffr0p" path="res://Enviroments/test_env.tres" id="1_jk2f8"]
[ext_resource type="Script" path="res://Scripts/rotate_menu.gd" id="2_a2h1c"]
[ext_resource type="Texture2D" uid="uid://1nvltga4emg0" path="res://Textures/Prototype Textures/Dark/texture_07.png" id="2_p2ene"]
[ext_resource type="Texture2D" uid="uid://37piemfrwg1i" path="res://Textures/Prototype Textures/Dark/texture_05.png" id="4_s7fq2"]
[ext_resource type="PackedScene" uid="uid://b0eo2ay8svpw0" path="res://Imports/knife/knife.glb" id="5_k8phc"]
[ext_resource type="PackedScene" uid="uid://ysudxhafxrwn" path="res://Scenes/scene_switch.tscn" id="5_rbdqq"]
[ext_resource type="PackedScene" uid="uid://bekrnanblaq83" path="res://Scenes/main_menu_ui.tscn" id="6_lqyax"]

[sub_resource type="StandardMaterial3D" id="StandardMaterial3D_yjyh1"]
albedo_texture = ExtResource("2_p2ene")
uv1_triplanar = true

[sub_resource type="BoxMesh" id="BoxMesh_ffpi2"]
material = SubResource("StandardMaterial3D_yjyh1")
size = Vector3(10, 1, 10)

[sub_resource type="StandardMaterial3D" id="StandardMaterial3D_wm7vp"]
albedo_texture = ExtResource("4_s7fq2")
uv1_triplanar = true

[sub_resource type="BoxMesh" id="BoxMesh_h2jrx"]
material = SubResource("StandardMaterial3D_wm7vp")
size = Vector3(0.5, 5, 0.5)

[sub_resource type="StandardMaterial3D" id="StandardMaterial3D_uclc7"]
albedo_texture = ExtResource("4_s7fq2")
uv1_triplanar = true

[sub_resource type="BoxMesh" id="BoxMesh_ml3jo"]
material = SubResource("StandardMaterial3D_uclc7")
size = Vector3(0.499, 2, 0.499)

[sub_resource type="StandardMaterial3D" id="StandardMaterial3D_64e87"]
albedo_color = Color(0.717647, 0.572549, 0.407843, 1)

[sub_resource type="CapsuleMesh" id="CapsuleMesh_2jlep"]
material = SubResource("StandardMaterial3D_64e87")

[sub_resource type="StandardMaterial3D" id="StandardMaterial3D_t4ss7"]
albedo_color = Color(0.658824, 0.258824, 0.176471, 1)

[sub_resource type="CapsuleMesh" id="CapsuleMesh_4r3mk"]
material = SubResource("StandardMaterial3D_t4ss7")

[sub_resource type="StandardMaterial3D" id="StandardMaterial3D_k2g11"]
albedo_color = Color(0, 0, 0, 1)

[sub_resource type="SphereMesh" id="SphereMesh_ld0uj"]
material = SubResource("StandardMaterial3D_k2g11")
radius = 0.05
height = 0.1

[sub_resource type="StandardMaterial3D" id="StandardMaterial3D_hsmjg"]
albedo_color = Color(0, 0, 0, 1)

[sub_resource type="CylinderMesh" id="CylinderMesh_4uw1j"]
material = SubResource("StandardMaterial3D_hsmjg")
top_radius = 0.05
bottom_radius = 0.05
height = 4.0

[node name="main_menu" type="Node3D"]

[node name="enviroment" type="Node3D" parent="."]

[node name="WorldEnvironment" type="WorldEnvironment" parent="enviroment"]
environment = ExtResource("1_jk2f8")

[node name="DirectionalLight3D" type="DirectionalLight3D" parent="enviroment"]
transform = Transform3D(0.707107, 0.353553, -0.612372, -2.98023e-08, 0.866025, 0.5, 0.707107, -0.353553, 0.612373, -10, 14.3152, 7)

[node name="menu_panorama" type="Node3D" parent="."]
transform = Transform3D(1, 0, 0, 0, 1, 0, 0, 0, 1, 7, 3, -5)
script = ExtResource("2_a2h1c")

[node name="Floor" type="CSGMesh3D" parent="menu_panorama"]
mesh = SubResource("BoxMesh_ffpi2")

[node name="CSGMesh3D" type="CSGMesh3D" parent="menu_panorama/Floor"]
transform = Transform3D(1, 0, 0, 0, 1, 0, 0, 0, 1, 0, 3, -4)
mesh = SubResource("BoxMesh_h2jrx")

[node name="CSGMesh3D2" type="CSGMesh3D" parent="menu_panorama/Floor"]
transform = Transform3D(1, 0, 0, 0, -4.37114e-08, -1, 0, 1, -4.37114e-08, 0, 5, -2)
mesh = SubResource("BoxMesh_h2jrx")

[node name="CSGMesh3D3" type="CSGMesh3D" parent="menu_panorama/Floor"]
transform = Transform3D(1, 0, 0, 0, 0.707107, -0.707107, 0, 0.707107, 0.707107, 0, 4.22017, -3.21512)
mesh = SubResource("BoxMesh_ml3jo")

[node name="Player" type="MeshInstance3D" parent="menu_panorama"]
transform = Transform3D(0.939298, 0.343102, 0, -0.334432, 0.915562, -0.223386, -0.0766444, 0.209826, 0.97473, -2.6599, 3.09901, -2.92176)
mesh = SubResource("CapsuleMesh_2jlep")

[node name="weapon_holder" type="Node3D" parent="menu_panorama/Player"]

[node name="knife" parent="menu_panorama/Player/weapon_holder" instance=ExtResource("5_k8phc")]
transform = Transform3D(-0.79693, -0.101838, 0.595428, -0.113432, 0.993382, 0.0180825, -0.593329, -0.0531302, -0.803208, 0.13269, -0.0713959, 0.940394)

[node name="enemies" type="Node3D" parent="menu_panorama"]

[node name="Enemy 1" type="MeshInstance3D" parent="menu_panorama/enemies"]
transform = Transform3D(-0.934875, 0.251512, 0.250499, 0.242942, 0.967854, -0.0650961, -0.258819, 0, -0.965926, 3.45014, 1.46383, -1.17861)
mesh = SubResource("CapsuleMesh_4r3mk")

[node name="eye 1" type="MeshInstance3D" parent="menu_panorama/enemies/Enemy 1"]
transform = Transform3D(1, 0, 0, 0, 1, 0, 0, 0, 1, 0.424867, 0.519693, 0.219427)
mesh = SubResource("SphereMesh_ld0uj")

[node name="eye 2" type="MeshInstance3D" parent="menu_panorama/enemies/Enemy 1"]
transform = Transform3D(1, 0, 0, 0, 1, 0, 0, 0, 1, 0.424867, 0.519693, -0.23924)
mesh = SubResource("SphereMesh_ld0uj")

[node name="Enemy 3" type="MeshInstance3D" parent="menu_panorama/enemies"]
transform = Transform3D(0.47148, 0.0890971, -0.877364, 0.00230484, 0.994755, 0.102257, 0.881874, -0.0502343, 0.468802, 3.45014, 1.47155, 3.02971)
mesh = SubResource("CapsuleMesh_4r3mk")

[node name="eye 1" type="MeshInstance3D" parent="menu_panorama/enemies/Enemy 3"]
transform = Transform3D(1, 0, 0, 0, 1, 0, 0, 0, 1, 0.424867, 0.519693, 0.219427)
mesh = SubResource("SphereMesh_ld0uj")

[node name="eye 2" type="MeshInstance3D" parent="menu_panorama/enemies/Enemy 3"]
transform = Transform3D(1, 0, 0, 0, 1, 0, 0, 0, 1, 0.424867, 0.519693, -0.23924)
mesh = SubResource("SphereMesh_ld0uj")

[node name="Enemy 2" type="MeshInstance3D" parent="menu_panorama/enemies"]
transform = Transform3D(0.113725, 0.0382262, 0.992777, 0.242942, 0.967854, -0.0650961, -0.963351, 0.24859, 0.100782, -1.59669, 1.43784, 3.6617)
mesh = SubResource("CapsuleMesh_4r3mk")

[node name="eye 1" type="MeshInstance3D" parent="menu_panorama/enemies/Enemy 2"]
transform = Transform3D(1, 0, 0, 0, 1, 0, 0, 0, 1, 0.424867, 0.519693, 0.219427)
mesh = SubResource("SphereMesh_ld0uj")

[node name="eye 2" type="MeshInstance3D" parent="menu_panorama/enemies/Enemy 2"]
transform = Transform3D(1, 0, 0, 0, 1, 0, 0, 0, 1, 0.424867, 0.519693, -0.23924)
mesh = SubResource("SphereMesh_ld0uj")

[node name="MeshInstance3D" type="MeshInstance3D" parent="menu_panorama"]
transform = Transform3D(0.353553, 0.612372, -0.707107, -0.866025, 0.5, 0, 0.353553, 0.612372, 0.707107, -1.1259, 3.80205, -2.058)
mesh = SubResource("CylinderMesh_4uw1j")

[node name="Camera3D" type="Camera3D" parent="."]
transform = Transform3D(1, 0, 0, 0, 1, 0, 0, 0, 1, 0, 7, 11)

[node name="scene_switch" parent="." instance=ExtResource("5_rbdqq")]

[node name="Main Menu UI" parent="." instance=ExtResource("6_lqyax")]
